ADF + PP results
  series   adf_stat   adf_pvalue  adf_lags  adf_nobs    pp_stat  pp_pvalue  pp_lags  pp_nobs
  spread -13.268426 8.129277e-25        26      3499 -58.175916        0.0       30     3525
d_vstoxx -14.498028 5.996057e-27        27      3498 -66.363127        0.0       30     3525
  d_bund -59.809660 0.000000e+00         0      3525 -59.884435        0.0       30     3525
   r_ttf -10.542290 8.588122e-19        24      3501 -57.178192        0.0       30     3525
 r_brent -58.156440 0.000000e+00         0      3525 -58.181658        0.0       30     3525
   r_eua -11.131395 3.275397e-20        28      3497 -61.613193        0.0       30     3525

Descriptive statistics
           count      mean       std        min       25%           50%       75%        max
spread    3526.0 -0.000002  0.000394  -0.002766 -0.000202 -7.587312e-07  0.000192   0.003251
d_vstoxx  3526.0  0.000394  1.697329 -11.897900 -0.765525 -9.550000e-02  0.616550  17.758100
d_bund    3526.0  0.000226  0.043947  -0.290000 -0.024000 -1.000000e-03  0.024000   0.298000
r_ttf     3526.0  0.000087  0.040253  -0.352421 -0.015231 -4.886268e-04  0.014587   0.412784
r_brent   3526.0 -0.000182  0.022937  -0.279761 -0.010266  7.569109e-04  0.011087   0.190774
r_eua     3526.0  0.000671  0.030645  -0.432421 -0.013935  8.371815e-04  0.016630   0.239230

Correlation matrix
            spread  d_vstoxx    d_bund     r_ttf   r_brent     r_eua
spread    1.000000 -0.042340  0.021418 -0.048041 -0.070000  0.008763
d_vstoxx -0.042340  1.000000 -0.178703  0.015901 -0.227654 -0.171222
d_bund    0.021418 -0.178703  1.000000 -0.026688  0.145016  0.069995
r_ttf    -0.048041  0.015901 -0.026688  1.000000  0.138732  0.192729
r_brent  -0.070000 -0.227654  0.145016  0.138732  1.000000  0.155740
r_eua     0.008763 -0.171222  0.069995  0.192729  0.155740  1.000000

VIF
variable      vif
d_vstoxx 1.104696
  d_bund 1.048485
   r_ttf 1.060214
 r_brent 1.100932
   r_eua 1.083709

Quantile Regression
 quantile    param      coef  boot_se    ci_low       ci_high
     0.10    const -0.000414 0.000019 -0.000453 -3.780856e-04
     0.10 d_vstoxx -0.000016 0.000009 -0.000035  6.672280e-08
     0.10   d_bund  0.000238 0.000285 -0.000307  7.907018e-04
     0.10    r_ttf  0.000169 0.000290 -0.000487  6.407362e-04
     0.10  r_brent -0.000567 0.000845 -0.002567  7.072514e-04
     0.10    r_eua  0.000639 0.000475 -0.000614  1.270969e-03
     0.25    const -0.000200 0.000009 -0.000216 -1.819108e-04
     0.25 d_vstoxx -0.000018 0.000008 -0.000033 -1.858813e-06
     0.25   d_bund  0.000334 0.000238 -0.000120  8.077523e-04
     0.25    r_ttf -0.000092 0.000200 -0.000514  3.142856e-04
     0.25  r_brent -0.000946 0.000382 -0.001669 -3.661634e-05
     0.25    r_eua  0.000354 0.000347 -0.000397  9.139570e-04
     0.50    const -0.000001 0.000005 -0.000010  7.868497e-06
     0.50 d_vstoxx -0.000014 0.000007 -0.000027 -1.134725e-06
     0.50   d_bund  0.000280 0.000192 -0.000115  6.413151e-04
     0.50    r_ttf -0.000196 0.000143 -0.000466  1.036743e-04
     0.50  r_brent -0.000793 0.000307 -0.001458 -1.610083e-04
     0.50    r_eua  0.000010 0.000236 -0.000429  4.648103e-04
     0.75    const  0.000193 0.000007  0.000178  2.055709e-04
     0.75 d_vstoxx -0.000007 0.000006 -0.000020  2.889953e-06
     0.75   d_bund  0.000401 0.000177  0.000046  7.453180e-04
     0.75    r_ttf -0.000245 0.000218 -0.000745  7.703915e-05
     0.75  r_brent -0.001257 0.000440 -0.002014 -2.600197e-04
     0.75    r_eua  0.000025 0.000259 -0.000428  5.298759e-04
     0.90    const  0.000405 0.000014  0.000373  4.289459e-04
     0.90 d_vstoxx -0.000005 0.000009 -0.000024  1.207601e-05
     0.90   d_bund  0.000299 0.000258 -0.000221  7.613440e-04
     0.90    r_ttf -0.000453 0.000290 -0.001156  3.266371e-05
     0.90  r_brent -0.001728 0.000604 -0.002576 -4.608796e-05
     0.90    r_eua  0.000084 0.000326 -0.000459  9.146963e-04

Quantile Regression Pseudo R^2
 quantile  pseudo_r2
     0.10   0.005228
     0.25   0.005655
     0.50   0.005181
     0.75   0.005193
     0.90   0.006335

Quantile-Difference Tests (adjacent quantiles)
 q1  q2    param  diff_mean  diff_se  pvalue
0.1 0.5    const  -0.000412 0.000019   0.000
0.1 0.5 d_vstoxx  -0.000002 0.000007   0.732
0.1 0.5   d_bund   0.000034 0.000262   0.878
0.1 0.5    r_ttf   0.000395 0.000274   0.174
0.1 0.5  r_brent   0.000177 0.000766   0.736
0.1 0.5    r_eua   0.000369 0.000447   0.418
0.1 0.9    const  -0.000813 0.000029   0.000
0.1 0.9 d_vstoxx  -0.000011 0.000009   0.210
0.1 0.9   d_bund   0.000023 0.000326   0.968
0.1 0.9    r_ttf   0.000711 0.000382   0.088
0.1 0.9  r_brent   0.000759 0.000977   0.426
0.1 0.9    r_eua   0.000177 0.000532   0.732
0.5 0.9    const  -0.000401 0.000015   0.000
0.5 0.9 d_vstoxx  -0.000009 0.000007   0.214
0.5 0.9   d_bund  -0.000011 0.000249   0.942
0.5 0.9    r_ttf   0.000317 0.000270   0.204
0.5 0.9  r_brent   0.000582 0.000509   0.226
0.5 0.9    r_eua  -0.000193 0.000320   0.550

Diagnostics (Ljung-Box, ARCH-LM, Jarque-Bera)
 quantile  ljungbox_lag  ljungbox_stat  ljungbox_pvalue  arch_lags  arch_stat  arch_pvalue      jb_stat  jb_pvalue
     0.10            10      29.309515         0.001110         10 181.534333 1.125052e-33 11076.605016        0.0
     0.25            10      28.510731         0.001495         10 314.198411 1.542747e-61 10848.730403        0.0
     0.50            10      28.913554         0.001287         10 423.995976 7.307892e-85 10795.521774        0.0
     0.75            10      28.713329         0.001386         10 423.240123 1.058860e-84 10478.359038        0.0
     0.90            10      28.674639         0.001406         10 312.310985 3.870301e-61  9895.683969        0.0

Sub-sample results saved to Excel sheets.

Rolling QR saved to Excel sheets: rolling_252, rolling_504.


QLP key results (main drivers)
sample_label  horizon  quantile    param          coef  boot_se    ci_low       ci_high  nobs  valid_bootstrap_replications
        full        1       0.1 d_vstoxx  1.523172e-05 0.000010 -0.000005  3.421345e-05  3523                           500
        full        1       0.1   d_bund  2.088675e-06 0.000013 -0.000022  2.694389e-05  3523                           500
        full        1       0.1    r_ttf -1.198741e-05 0.000009 -0.000033  4.199880e-06  3523                           500
        full        1       0.1  r_brent  1.632499e-05 0.000010 -0.000008  3.110417e-05  3523                           500
        full        1       0.1    r_eua -4.135082e-06 0.000017 -0.000026  4.071446e-05  3523                           500
        full        1       0.5 d_vstoxx -3.235715e-06 0.000008 -0.000017  1.316761e-05  3523                           500
        full        1       0.5   d_bund  4.816068e-06 0.000006 -0.000005  1.810334e-05  3523                           500
        full        1       0.5    r_ttf -4.030274e-06 0.000006 -0.000016  5.732082e-06  3523                           500
        full        1       0.5  r_brent -9.750316e-06 0.000008 -0.000024  9.005750e-06  3523                           500
        full        1       0.5    r_eua -5.653576e-06 0.000006 -0.000018  6.647846e-06  3523                           500
        full        1       0.9 d_vstoxx -1.519486e-05 0.000014 -0.000038  1.701959e-05  3523                           500
        full        1       0.9   d_bund  5.812621e-07 0.000010 -0.000019  2.044489e-05  3523                           500
        full        1       0.9    r_ttf -2.772467e-05 0.000015 -0.000051  9.414978e-06  3523                           500
        full        1       0.9  r_brent -2.491752e-05 0.000011 -0.000047 -3.412896e-06  3523                           500
        full        1       0.9    r_eua -2.155617e-05 0.000009 -0.000037 -1.304097e-06  3523                           500
        full        5       0.1 d_vstoxx  3.071024e-05 0.000021 -0.000004  7.792928e-05  3519                           500
        full        5       0.1   d_bund  5.316008e-06 0.000022 -0.000032  5.788587e-05  3519                           500
        full        5       0.1    r_ttf -1.015748e-05 0.000021 -0.000046  3.905096e-05  3519                           500
        full        5       0.1  r_brent -3.951596e-05 0.000023 -0.000093 -1.235450e-06  3519                           500
        full        5       0.1    r_eua -2.177413e-05 0.000025 -0.000056  4.562769e-05  3519                           500
        full        5       0.5 d_vstoxx  7.263774e-06 0.000016 -0.000028  3.436851e-05  3519                           500
        full        5       0.5   d_bund  1.893033e-05 0.000014 -0.000009  5.050694e-05  3519                           500
        full        5       0.5    r_ttf -2.678175e-06 0.000010 -0.000025  1.507866e-05  3519                           500
        full        5       0.5  r_brent  1.720589e-06 0.000018 -0.000041  2.883511e-05  3519                           500
        full        5       0.5    r_eua -2.261752e-05 0.000016 -0.000048  9.058985e-06  3519                           500
        full        5       0.9 d_vstoxx  1.948151e-05 0.000030 -0.000040  6.772104e-05  3519                           500
        full        5       0.9   d_bund -9.542173e-06 0.000029 -0.000056  5.350775e-05  3519                           500
        full        5       0.9    r_ttf  9.433028e-07 0.000027 -0.000068  3.614904e-05  3519                           500
        full        5       0.9  r_brent -1.850409e-05 0.000025 -0.000082  2.472166e-05  3519                           500
        full        5       0.9    r_eua  4.806425e-06 0.000024 -0.000037  5.642987e-05  3519                           500
        full       10       0.1 d_vstoxx  2.929083e-05 0.000037 -0.000030  1.098734e-04  3514                           500
        full       10       0.1   d_bund -1.548825e-05 0.000035 -0.000088  4.914004e-05  3514                           500
        full       10       0.1    r_ttf -1.201012e-05 0.000031 -0.000051  6.860679e-05  3514                           500
        full       10       0.1  r_brent -3.736565e-05 0.000035 -0.000098  4.471973e-05  3514                           500
        full       10       0.1    r_eua  1.089301e-05 0.000034 -0.000082  5.862566e-05  3514                           500
        full       10       0.5 d_vstoxx  1.722430e-05 0.000022 -0.000031  5.703861e-05  3514                           500
        full       10       0.5   d_bund -4.131131e-06 0.000020 -0.000037  4.485319e-05  3514                           500
        full       10       0.5    r_ttf  6.533904e-06 0.000025 -0.000031  6.036290e-05  3514                           500
        full       10       0.5  r_brent -2.236185e-05 0.000022 -0.000065  1.585716e-05  3514                           500
        full       10       0.5    r_eua  2.660612e-05 0.000022 -0.000018  6.818371e-05  3514                           500
        full       10       0.9 d_vstoxx  2.676944e-05 0.000032 -0.000036  8.948014e-05  3514                           500
        full       10       0.9   d_bund -1.811144e-05 0.000030 -0.000074  4.365202e-05  3514                           500
        full       10       0.9    r_ttf -2.837740e-06 0.000035 -0.000071  6.986219e-05  3514                           500
        full       10       0.9  r_brent -3.525408e-05 0.000044 -0.000136  3.109997e-05  3514                           500
        full       10       0.9    r_eua  1.686944e-05 0.000032 -0.000051  7.551883e-05  3514                           500
        full       20       0.1 d_vstoxx  1.657596e-05 0.000042 -0.000070  9.525489e-05  3504                           500
        full       20       0.1   d_bund -6.871921e-06 0.000036 -0.000086  5.629596e-05  3504                           500
        full       20       0.1    r_ttf  2.904346e-05 0.000037 -0.000045  9.455336e-05  3504                           500
        full       20       0.1  r_brent -3.897277e-05 0.000045 -0.000120  5.230040e-05  3504                           500
        full       20       0.1    r_eua  3.743676e-05 0.000041 -0.000078  1.014789e-04  3504                           500
        full       20       0.5 d_vstoxx  3.849383e-05 0.000027 -0.000013  9.151996e-05  3504                           500
        full       20       0.5   d_bund -4.461378e-05 0.000027 -0.000097  4.969105e-06  3504                           500
        full       20       0.5    r_ttf  2.710141e-05 0.000027 -0.000023  7.568269e-05  3504                           500
        full       20       0.5  r_brent -2.690677e-05 0.000025 -0.000072  2.280011e-05  3504                           500
        full       20       0.5    r_eua -4.241074e-06 0.000025 -0.000040  5.881903e-05  3504                           500
        full       20       0.9 d_vstoxx -2.874647e-07 0.000043 -0.000060  1.102950e-04  3504                           500
        full       20       0.9   d_bund -1.083577e-05 0.000038 -0.000094  4.955300e-05  3504                           500
        full       20       0.9    r_ttf -3.272588e-05 0.000036 -0.000127  1.898877e-05  3504                           500
        full       20       0.9  r_brent -5.420755e-05 0.000042 -0.000102  6.383714e-05  3504                           500
        full       20       0.9    r_eua -1.221662e-05 0.000056 -0.000128  8.285116e-05  3504                           500
   2012_2019        1       0.1 d_vstoxx  9.071595e-06 0.000015 -0.000025  2.723780e-05  1971                           300
   2012_2019        1       0.1   d_bund  7.106255e-07 0.000016 -0.000034  2.768459e-05  1971                           300
   2012_2019        1       0.1    r_ttf -4.770118e-06 0.000020 -0.000041  3.152103e-05  1971                           300
   2012_2019        1       0.1  r_brent  6.962283e-06 0.000013 -0.000022  2.834205e-05  1971                           300
   2012_2019        1       0.1    r_eua  2.224210e-05 0.000021 -0.000020  5.360649e-05  1971                           300
   2012_2019        1       0.5 d_vstoxx  8.972721e-06 0.000009 -0.000011  2.259428e-05  1971                           300
   2012_2019        1       0.5   d_bund  9.648926e-06 0.000009 -0.000010  2.427233e-05  1971                           300
   2012_2019        1       0.5    r_ttf -1.657474e-06 0.000007 -0.000015  1.502776e-05  1971                           300
   2012_2019        1       0.5  r_brent -1.770502e-05 0.000009 -0.000031  2.858540e-06  1971                           300
   2012_2019        1       0.5    r_eua -3.601131e-06 0.000009 -0.000018  1.379585e-05  1971                           300
   2012_2019        1       0.9 d_vstoxx  2.147639e-05 0.000015 -0.000019  3.764829e-05  1971                           300
   2012_2019        1       0.9   d_bund  2.632173e-05 0.000014 -0.000006  4.897973e-05  1971                           300
   2012_2019        1       0.9    r_ttf -2.255345e-05 0.000014 -0.000035  1.535274e-05  1971                           300
   2012_2019        1       0.9  r_brent -2.298621e-05 0.000015 -0.000047  1.243887e-05  1971                           300
   2012_2019        1       0.9    r_eua -9.651401e-06 0.000013 -0.000036  1.179201e-05  1971                           300
   2012_2019        5       0.1 d_vstoxx  3.497108e-05 0.000034 -0.000036  9.316756e-05  1967                           300
   2012_2019        5       0.1   d_bund  5.214719e-05 0.000033 -0.000011  1.206875e-04  1967                           300
   2012_2019        5       0.1    r_ttf  2.828954e-05 0.000033 -0.000052  7.756033e-05  1967                           300
   2012_2019        5       0.1  r_brent -3.496493e-05 0.000030 -0.000092  2.231842e-05  1967                           300
   2012_2019        5       0.1    r_eua  2.165210e-05 0.000034 -0.000044  8.592810e-05  1967                           300
   2012_2019        5       0.5 d_vstoxx  3.381943e-05 0.000022 -0.000008  7.851045e-05  1967                           300
   2012_2019        5       0.5   d_bund  4.877288e-05 0.000021  0.000003  8.436749e-05  1967                           300
   2012_2019        5       0.5    r_ttf  8.080631e-06 0.000015 -0.000024  3.030824e-05  1967                           300
   2012_2019        5       0.5  r_brent  1.051888e-05 0.000019 -0.000031  4.021730e-05  1967                           300
   2012_2019        5       0.5    r_eua  7.715497e-06 0.000020 -0.000036  4.230014e-05  1967                           300
   2012_2019        5       0.9 d_vstoxx -1.807779e-07 0.000027 -0.000037  6.556078e-05  1967                           300
   2012_2019        5       0.9   d_bund  2.419764e-05 0.000038 -0.000022  1.225257e-04  1967                           300
   2012_2019        5       0.9    r_ttf -9.945291e-06 0.000028 -0.000067  4.461079e-05  1967                           300
   2012_2019        5       0.9  r_brent  2.627906e-06 0.000029 -0.000062  5.524652e-05  1967                           300
   2012_2019        5       0.9    r_eua  5.178730e-05 0.000030 -0.000016  1.041664e-04  1967                           300
   2012_2019       10       0.1 d_vstoxx -2.048881e-05 0.000040 -0.000070  7.736276e-05  1962                           300
   2012_2019       10       0.1   d_bund  7.467961e-05 0.000040 -0.000010  1.393249e-04  1962                           300
   2012_2019       10       0.1    r_ttf  1.936632e-05 0.000044 -0.000051  1.337323e-04  1962                           300
   2012_2019       10       0.1  r_brent -2.939025e-05 0.000043 -0.000116  4.409175e-05  1962                           300
   2012_2019       10       0.1    r_eua -4.273128e-06 0.000037 -0.000079  8.048974e-05  1962                           300
   2012_2019       10       0.5 d_vstoxx  2.324104e-05 0.000031 -0.000048  7.180453e-05  1962                           300
   2012_2019       10       0.5   d_bund  3.442234e-05 0.000028 -0.000018  9.320974e-05  1962                           300
   2012_2019       10       0.5    r_ttf  2.821921e-05 0.000033 -0.000028  9.168937e-05  1962                           300
   2012_2019       10       0.5  r_brent -3.958615e-05 0.000028 -0.000087  2.022871e-05  1962                           300
   2012_2019       10       0.5    r_eua  5.490058e-05 0.000026 -0.000005  9.079161e-05  1962                           300
   2012_2019       10       0.9 d_vstoxx  2.877374e-05 0.000038 -0.000041  1.095806e-04  1962                           300
   2012_2019       10       0.9   d_bund  2.214036e-06 0.000038 -0.000058  8.209338e-05  1962                           300
   2012_2019       10       0.9    r_ttf  7.839263e-05 0.000047 -0.000039  1.437743e-04  1962                           300
   2012_2019       10       0.9  r_brent -3.188572e-05 0.000045 -0.000137  4.148059e-05  1962                           300
   2012_2019       10       0.9    r_eua  3.223548e-05 0.000042 -0.000041  1.295091e-04  1962                           300
   2012_2019       20       0.1 d_vstoxx  1.610174e-05 0.000050 -0.000060  1.342113e-04  1952                           300
   2012_2019       20       0.1   d_bund  2.124740e-05 0.000049 -0.000067  1.286400e-04  1952                           300
   2012_2019       20       0.1    r_ttf  6.438519e-05 0.000066 -0.000058  1.876858e-04  1952                           300
   2012_2019       20       0.1  r_brent -5.979177e-05 0.000049 -0.000141  5.313019e-05  1952                           300
   2012_2019       20       0.1    r_eua  6.667726e-05 0.000044 -0.000054  1.278656e-04  1952                           300
   2012_2019       20       0.5 d_vstoxx  4.599112e-05 0.000044 -0.000058  1.104871e-04  1952                           300
   2012_2019       20       0.5   d_bund  2.630655e-05 0.000034 -0.000039  8.441247e-05  1952                           300
   2012_2019       20       0.5    r_ttf  4.552337e-05 0.000033  0.000003  1.251172e-04  1952                           300
   2012_2019       20       0.5  r_brent -5.220633e-05 0.000046 -0.000138  3.413265e-05  1952                           300
   2012_2019       20       0.5    r_eua  2.207816e-05 0.000033 -0.000035  1.000599e-04  1952                           300
   2012_2019       20       0.9 d_vstoxx -1.323112e-05 0.000059 -0.000117  1.062104e-04  1952                           300
   2012_2019       20       0.9   d_bund -1.539463e-05 0.000046 -0.000105  7.657203e-05  1952                           300
   2012_2019       20       0.9    r_ttf -8.290354e-06 0.000048 -0.000099  7.854935e-05  1952                           300
   2012_2019       20       0.9  r_brent -8.424318e-06 0.000058 -0.000100  1.315670e-04  1952                           300
   2012_2019       20       0.9    r_eua  3.128864e-05 0.000069 -0.000124  1.451223e-04  1952                           300
   2020_2022        1       0.1 d_vstoxx  7.224212e-06 0.000023 -0.000041  4.696758e-05   765                           300
   2020_2022        1       0.1   d_bund -8.268546e-07 0.000022 -0.000054  3.342220e-05   765                           300
   2020_2022        1       0.1    r_ttf -1.471084e-05 0.000022 -0.000040  4.378100e-05   765                           300
   2020_2022        1       0.1  r_brent  8.201706e-06 0.000025 -0.000052  4.622249e-05   765                           300
   2020_2022        1       0.1    r_eua -1.598532e-05 0.000026 -0.000080  2.104089e-05   765                           300
   2020_2022        1       0.5 d_vstoxx -4.146338e-06 0.000017 -0.000040  2.153522e-05   765                           300
   2020_2022        1       0.5   d_bund -1.485817e-05 0.000017 -0.000044  2.187532e-05   765                           300
   2020_2022        1       0.5    r_ttf  6.986141e-06 0.000014 -0.000026  2.465548e-05   765                           300
   2020_2022        1       0.5  r_brent  9.756131e-06 0.000018 -0.000031  3.887535e-05   765                           300
   2020_2022        1       0.5    r_eua  1.252665e-06 0.000019 -0.000042  2.767512e-05   765                           300
   2020_2022        1       0.9 d_vstoxx -5.466440e-05 0.000039 -0.000114  3.250942e-05   765                           300
   2020_2022        1       0.9   d_bund -9.030465e-06 0.000032 -0.000089  3.243866e-05   765                           300
   2020_2022        1       0.9    r_ttf  4.589262e-06 0.000028 -0.000070  3.352158e-05   765                           300
   2020_2022        1       0.9  r_brent -4.721835e-06 0.000028 -0.000068  4.182062e-05   765                           300
   2020_2022        1       0.9    r_eua -5.343198e-05 0.000033 -0.000130 -1.705366e-07   765                           300
   2020_2022        5       0.1 d_vstoxx  9.557444e-05 0.000044 -0.000016  1.551163e-04   761                           300
   2020_2022        5       0.1   d_bund -2.603268e-06 0.000039 -0.000102  5.255989e-05   761                           300
   2020_2022        5       0.1    r_ttf -7.021616e-06 0.000048 -0.000106  9.786050e-05   761                           300
   2020_2022        5       0.1  r_brent -1.943231e-05 0.000049 -0.000144  3.792119e-05   761                           300
   2020_2022        5       0.1    r_eua -1.585610e-05 0.000063 -0.000165  7.520937e-05   761                           300
   2020_2022        5       0.5 d_vstoxx -2.338689e-05 0.000034 -0.000089  5.054240e-05   761                           300
   2020_2022        5       0.5   d_bund  2.294216e-05 0.000038 -0.000057  9.251888e-05   761                           300
   2020_2022        5       0.5    r_ttf -6.503056e-06 0.000027 -0.000054  4.705440e-05   761                           300
   2020_2022        5       0.5  r_brent -2.794922e-05 0.000048 -0.000122  6.805152e-05   761                           300
   2020_2022        5       0.5    r_eua -2.258709e-05 0.000026 -0.000095  2.440314e-06   761                           300
   2020_2022        5       0.9 d_vstoxx  2.180915e-05 0.000071 -0.000132  1.242550e-04   761                           300
   2020_2022        5       0.9   d_bund -1.628880e-05 0.000066 -0.000128  1.373136e-04   761                           300
   2020_2022        5       0.9    r_ttf -3.439650e-05 0.000050 -0.000103  1.128649e-04   761                           300
   2020_2022        5       0.9  r_brent  1.781746e-05 0.000075 -0.000220  9.141848e-05   761                           300
   2020_2022        5       0.9    r_eua -4.002988e-05 0.000059 -0.000172  5.619442e-05   761                           300
   2020_2022       10       0.1 d_vstoxx  6.652880e-05 0.000062 -0.000123  1.332731e-04   756                           300
   2020_2022       10       0.1   d_bund -4.010213e-05 0.000057 -0.000196  3.703656e-05   756                           300
   2020_2022       10       0.1    r_ttf  5.158054e-05 0.000050 -0.000077  1.205007e-04   756                           300
   2020_2022       10       0.1  r_brent -6.381974e-05 0.000061 -0.000220  4.397864e-05   756                           300
   2020_2022       10       0.1    r_eua  5.946937e-06 0.000054 -0.000132  8.176946e-05   756                           300
   2020_2022       10       0.5 d_vstoxx -5.086405e-06 0.000042 -0.000083  7.062672e-05   756                           300
   2020_2022       10       0.5   d_bund -5.024683e-05 0.000038 -0.000094  3.776123e-05   756                           300
   2020_2022       10       0.5    r_ttf  4.330672e-05 0.000041 -0.000032  1.202450e-04   756                           300
   2020_2022       10       0.5  r_brent  7.836495e-07 0.000040 -0.000087  8.774616e-05   756                           300
   2020_2022       10       0.5    r_eua  3.795622e-05 0.000048 -0.000074  1.103502e-04   756                           300
   2020_2022       10       0.9 d_vstoxx -3.415043e-05 0.000071 -0.000210  1.011293e-04   756                           300
   2020_2022       10       0.9   d_bund -1.703370e-05 0.000065 -0.000136  1.195166e-04   756                           300
   2020_2022       10       0.9    r_ttf -9.528012e-06 0.000061 -0.000105  1.294784e-04   756                           300
   2020_2022       10       0.9  r_brent -3.273856e-06 0.000107 -0.000240  1.312431e-04   756                           300
   2020_2022       10       0.9    r_eua -3.776034e-05 0.000059 -0.000145  9.989296e-05   756                           300
   2020_2022       20       0.1 d_vstoxx -4.394315e-05 0.000109 -0.000197  2.279221e-04   746                           300
   2020_2022       20       0.1   d_bund -1.196774e-04 0.000114 -0.000332  9.823214e-05   746                           300
   2020_2022       20       0.1    r_ttf  1.505259e-04 0.000079 -0.000089  2.284735e-04   746                           300
   2020_2022       20       0.1  r_brent -1.205103e-04 0.000100 -0.000273  1.157346e-04   746                           300
   2020_2022       20       0.1    r_eua  6.317564e-05 0.000127 -0.000224  2.452733e-04   746                           300
   2020_2022       20       0.5 d_vstoxx  6.045701e-05 0.000056 -0.000065  1.455628e-04   746                           300
   2020_2022       20       0.5   d_bund -1.226173e-04 0.000058 -0.000272 -3.814145e-05   746                           300
   2020_2022       20       0.5    r_ttf  7.323193e-06 0.000060 -0.000087  1.429193e-04   746                           300
   2020_2022       20       0.5  r_brent -5.189365e-05 0.000055 -0.000148  8.766064e-05   746                           300
   2020_2022       20       0.5    r_eua  1.073575e-05 0.000071 -0.000140  1.358700e-04   746                           300
   2020_2022       20       0.9 d_vstoxx -1.295972e-05 0.000083 -0.000222  1.095040e-04   746                           300
   2020_2022       20       0.9   d_bund -1.101953e-05 0.000069 -0.000164  8.450144e-05   746                           300
   2020_2022       20       0.9    r_ttf -8.867728e-05 0.000059 -0.000200  2.877622e-05   746                           300
   2020_2022       20       0.9  r_brent -9.969739e-05 0.000098 -0.000244  1.331552e-04   746                           300
   2020_2022       20       0.9    r_eua  4.621203e-05 0.000094 -0.000140  2.144252e-04   746                           300
2023_present        1       0.1 d_vstoxx  1.780260e-05 0.000041 -0.000055  1.047305e-04   781                           300
2023_present        1       0.1   d_bund  5.931105e-05 0.000048 -0.000037  1.424286e-04   781                           300
2023_present        1       0.1    r_ttf -4.015512e-05 0.000067 -0.000177  7.225893e-05   781                           300
2023_present        1       0.1  r_brent  3.209643e-06 0.000056 -0.000116  1.094004e-04   781                           300
2023_present        1       0.1    r_eua -3.720488e-05 0.000055 -0.000109  8.997028e-05   781                           300
2023_present        1       0.5 d_vstoxx -3.138684e-05 0.000019 -0.000065  1.191021e-05   781                           300
2023_present        1       0.5   d_bund  9.516242e-06 0.000014 -0.000009  4.647723e-05   781                           300
2023_present        1       0.5    r_ttf  6.826253e-07 0.000017 -0.000036  3.188540e-05   781                           300
2023_present        1       0.5  r_brent -1.051462e-05 0.000018 -0.000052  1.709662e-05   781                           300
2023_present        1       0.5    r_eua -2.812600e-05 0.000017 -0.000067  2.371893e-07   781                           300
2023_present        1       0.9 d_vstoxx -2.718560e-05 0.000040 -0.000095  5.875008e-05   781                           300
2023_present        1       0.9   d_bund -1.970050e-05 0.000041 -0.000076  9.539514e-05   781                           300
2023_present        1       0.9    r_ttf -3.429051e-05 0.000046 -0.000124  4.268123e-05   781                           300
2023_present        1       0.9  r_brent -6.641218e-05 0.000049 -0.000195 -5.364263e-06   781                           300
2023_present        1       0.9    r_eua -7.497729e-06 0.000059 -0.000091  1.284731e-04   781                           300
2023_present        5       0.1 d_vstoxx -9.893947e-06 0.000132 -0.000326  1.603025e-04   777                           300
2023_present        5       0.1   d_bund  5.908943e-05 0.000134 -0.000151  3.537028e-04   777                           300
2023_present        5       0.1    r_ttf -1.295153e-05 0.000152 -0.000331  2.353670e-04   777                           300
2023_present        5       0.1  r_brent -1.864287e-04 0.000112 -0.000324  1.094067e-04   777                           300
2023_present        5       0.1    r_eua -1.294542e-04 0.000141 -0.000353  1.770383e-04   777                           300
2023_present        5       0.5 d_vstoxx -8.395144e-05 0.000049 -0.000129  4.967246e-05   777                           300
2023_present        5       0.5   d_bund  3.984514e-06 0.000039 -0.000088  5.400626e-05   777                           300
2023_present        5       0.5    r_ttf  4.751329e-06 0.000045 -0.000115  6.129670e-05   777                           300
2023_present        5       0.5  r_brent -3.716215e-05 0.000056 -0.000137  9.207350e-05   777                           300
2023_present        5       0.5    r_eua -1.529995e-04 0.000046 -0.000201 -1.253765e-05   777                           300
2023_present        5       0.9 d_vstoxx  1.518767e-05 0.000078 -0.000151  1.783682e-04   777                           300
2023_present        5       0.9   d_bund -2.640201e-05 0.000092 -0.000258  1.210783e-04   777                           300
2023_present        5       0.9    r_ttf  8.631619e-05 0.000094 -0.000195  1.399256e-04   777                           300
2023_present        5       0.9  r_brent -1.841860e-05 0.000101 -0.000294  8.606338e-05   777                           300
2023_present        5       0.9    r_eua -1.110328e-04 0.000074 -0.000229  9.191857e-05   777                           300
2023_present       10       0.1 d_vstoxx  1.958864e-05 0.000176 -0.000447  2.517321e-04   772                           300
2023_present       10       0.1   d_bund -1.013731e-05 0.000169 -0.000273  3.619376e-04   772                           300
2023_present       10       0.1    r_ttf  1.030305e-04 0.000172 -0.000188  5.237425e-04   772                           300
2023_present       10       0.1  r_brent  1.968993e-05 0.000148 -0.000265  3.335428e-04   772                           300
2023_present       10       0.1    r_eua -2.057764e-04 0.000228 -0.000603  3.250256e-04   772                           300
2023_present       10       0.5 d_vstoxx  5.986712e-06 0.000073 -0.000121  1.624144e-04   772                           300
2023_present       10       0.5   d_bund  1.086817e-05 0.000050 -0.000110  7.962316e-05   772                           300
2023_present       10       0.5    r_ttf -1.792373e-05 0.000070 -0.000172  1.350936e-04   772                           300
2023_present       10       0.5  r_brent -3.249396e-05 0.000064 -0.000139  1.121401e-04   772                           300
2023_present       10       0.5    r_eua -1.156515e-04 0.000062 -0.000213  4.592414e-05   772                           300
2023_present       10       0.9 d_vstoxx  8.742132e-05 0.000133 -0.000027  4.786691e-04   772                           300
2023_present       10       0.9   d_bund -5.125927e-05 0.000116 -0.000303  1.274004e-04   772                           300
2023_present       10       0.9    r_ttf  4.481438e-05 0.000130 -0.000196  3.364177e-04   772                           300
2023_present       10       0.9  r_brent -1.166327e-04 0.000112 -0.000342  1.109396e-04   772                           300
2023_present       10       0.9    r_eua -6.357454e-05 0.000164 -0.000346  3.260742e-04   772                           300
2023_present       20       0.1 d_vstoxx  1.703726e-04 0.000168 -0.000280  3.500165e-04   762                           300
2023_present       20       0.1   d_bund  2.024078e-04 0.000273 -0.000295  7.505712e-04   762                           300
2023_present       20       0.1    r_ttf  1.848379e-04 0.000284 -0.000511  6.142232e-04   762                           300
2023_present       20       0.1  r_brent -1.031558e-04 0.000207 -0.000355  4.428959e-04   762                           300
2023_present       20       0.1    r_eua -1.997282e-04 0.000339 -0.000626  6.529870e-04   762                           300
2023_present       20       0.5 d_vstoxx -4.296190e-05 0.000127 -0.000260  2.303162e-04   762                           300
2023_present       20       0.5   d_bund -9.633485e-05 0.000073 -0.000222  5.860421e-05   762                           300
2023_present       20       0.5    r_ttf -4.928291e-05 0.000076 -0.000183  1.098749e-04   762                           300
2023_present       20       0.5  r_brent  4.999102e-05 0.000113 -0.000183  2.503686e-04   762                           300
2023_present       20       0.5    r_eua -1.408337e-04 0.000096 -0.000312  6.759743e-05   762                           300
2023_present       20       0.9 d_vstoxx  2.667667e-04 0.000242 -0.000139  6.539465e-04   762                           300
2023_present       20       0.9   d_bund -4.127623e-05 0.000168 -0.000467  2.047688e-04   762                           300
2023_present       20       0.9    r_ttf  3.084626e-05 0.000175 -0.000262  4.479020e-04   762                           300
2023_present       20       0.9  r_brent  1.765020e-07 0.000183 -0.000230  4.770925e-04   762                           300
2023_present       20       0.9    r_eua -1.117858e-04 0.000170 -0.000468  2.299455e-04   762                           300

QLP sheets saved: qlp_full, qlp_2012_2019, qlp_2020_2022, qlp_2023_present, qlp_key_results.
